8988273869739920695822885219826378921614257293518073081873576323674385691283148919662625485203771624738604446337343610067262573017333539089997302470442268751595213971212675658457596160184506446891035209514990283648551111912516581156057291311876156005574713651333827919173823581181777216940190759711654407259969301511278054496618646998431118273333047938035558641784856297565429510462730061177993239517687130326934351367437020830559291744808611546398978855295363659558752521288433925337690156305656440611073994245857294121515409060210594071870732288615361757697092663884751507195647055609566208044529247872245649295987
55466389737785568138328115260754413896922049770006836183522085429990206210440314575082910750474763337968839
4744246652192661742461884065161014420959528255746642429431547567713429960247426728415824391225523220888404322355380184603674186501099051333085354681110645078424720207616429644983723203224813821705296012179075695834854399285041654410720383040734570158773527309361887104299465923631537772846732316727220106063305772879706095948801720162796442806844040014125917117290683534302712078043322741516298529550681862900335624145642891766061470461624914461307979660545815323846903430825135070828786233784308794049055774049335957711046261881443866408800234131595675036299379244562113337553717157021345050415302797464846582372404
185122352105656327631415473207537610833379607432907570143357545931802097823126609311031668765146889559040207
3972592661548646733077444220341266837090063091626416724692111994587646472176584433564760997728502130192273764350878983536442055914936712382216211657228144686185388419748780550813605522452184631238645572562504576200578716703953551078208075605007973371612694349094584752724322157367807450028236441493098269760513712640018384466800190733335117418097556827077037844409396135731989587677620338742712290422595958049414824995767675977267528836526327888915000387423103956756133948155414705032793667800240524157159354097999372586906813112109112228351734189012482595220613627236840655221518562890835440246953355013997689482385
62220060206900804343532445081640664603479225696302136303894952285188749697764243328634900006868964587469139
2941079552305015805962060460926032950618872275216516455937097426195248838574442583494100161659843942144566431825708449558077845220715629891092953614194582491637149073357291610110611059661711777747227063063610197146288500703715760674643462730264091995298258927052570860775885346562303478479610138900026838116070166744345373082182890866535316968342162878960088564717704393684954706221278386711681475350265993616677286880032736586784393481045763263947955795111570139043852359193213877995398018582750995346180470539675388782931195936665133172550016195340891662242046779669572927143784865184701366714060635165419477700504
57858063523305422692324289424675242213214858146621770425628867858763398335079738944580811693081397144790811
6318011377818332533551865881070957869181550257638330770221202780622453485217921382776831581419706190117174462451211207487112107202674521380616252622489043192460462706518166201801903674252301720767190832229042289605234590320246710055582989706668144531613672137092302881083974054514236904513324860026730830745568460373167106688498930435715698939895915009457659611476879467136845379717677191170372104355403183453629440797445592923135602417692614525215116942118035239301568670634631191594484933964800378787885830039706181191019627948224779435845896598705982997285581553000766517969329701484682414083878562191560695531380
224634272054678812331438686196305931355771411802504987114729927656245939576328643987055554166350834704413021
1346873324200409090282334572663599606255899249473988160919625745387801032154781058744232789789626185850422757034650462397799211388032902989248837019832958984652471578463119785937142658268800860609664628028419445244972985512944240169889024759610610265796689497379253636018415345904343276364436877338594846606413563326941404305493590224663754275450909608317526505770508077820299281670920750577365523911581132216094197586417983796193903263898340998228710286217224678731449564355101900262913517653825620203669156538464454006849871259939692208593080113871423779621298397722703444185249631698818066428556113968403519417135
42060436051940376342449190987188843517544367203363404430207302045065240312441801403389426373667520101631591
6718773064592707135891273532199510265437833759020104273502692786325026691361169883080948115215861467141890085593050412871106623331369921408342241650155344804613056107350076156461240458705771980870604392237193575172996426924914894033846464527899895960380610683759443794566321140538480015374650624751423290207467836501401441699239715984395650435267539783981019110731539986761690536301372479114774424847995348097555752492878352053904604976203697427987412990838299508925142168891188924673041076534091134001073481643748219588250942522242726918536620804686853667409723190104419617247341556761730315520856738119021689795772
41481770969908255179243993412775349613880631318933274106009025210454207122215927684036046033428478822199129
3075292943997551230188932042223900018062805488797298624213398015324162186608950259498309889484738654603721245359916220734523576671417019632645989478507649909935532227425747458887966507286853683463232356725671732282555863352324307511622545465494388383129038820454307950675927824359953023399281798407443521227479208556371646370804045305754440194491191631966224479265949870042592990393464315455029442428404669770404999192272163350129563294834005379763443863476775365163342351144380157299322543129789962848832388838234288474204646986245894897091247092283838592931495424544088217262750726382213656292097533542558965704691
50680229256891643811620872361716245171418016688421798138472740791355638050740798630893265102926437354515281
3152990980266397956152883970835142280932617327516820105316775198528933735047885405180498687018585653266726008773623932947123020561747402835404542670929440558824584748313563764573802829120051391366505364784425075698646134836792757561372807146763063226583467101368020226151423214773537160771263500916885193491076793539216747600582940524860771010906237245267202531420169551824180845918263223538496747658339152535151918211924430546629218651667445239541030701174553712637649592160999951875495507038770726840559500127131934536684671891196193856706167415069018618821321731932100944064454800999131597575358152918724730921954
78152505907284867634951121672799655122669700545289386705754011397749696105497492201763994841118230279442071
244203541947059517076330302539573589786017514408747116756975821920867995674281072027542426609359586725153479737794025770269896775859289665125482096671224567121529406919156233755917857083906558029583810893396703236058827675241513156505445352245859071278297270141327285171334902687915662040841432139493488479846820410161099173650337637576819090213821817672377255596182709895851314093525663467442592988043213159822055495871598899232083946924317642980315916802115021261527555986067185286160853897057738234850466416461999606746121131896034768733411143033874971755299585393112968373014337634236977526724639170680998527121
57654120980838137481441701205214397618434202236257435335185695122043813800394972002004188405453246832419231
5518145982660487070403809767933435991794141278742501261223182277505189018304208128842144996048626740383818323660085217361358176993101359701418133968738935162493362437960384444686982737961146841898425276918335606500951753122134933739623366371271025998089379038090563488235215833456434916407915699400377557939411439577120308362605934060561938631271843436302777518992112091786223893182035478921318863095328652456543752433341616074349390776424571339398653218324373387595127343566232160948977501730716150071668382050535628947601462975733873068983015047012029217429261844290919277901638831854619848867704476873618904308402
126316790403573411402240659771765561939776700441738115371895713397912705727852578221203655739871597825213957
2427497377954353419701213671229401969312109992542406350840311467430447630024714169886987753916640045183270451384628500804793400714358576085099724704726143033418898488305319071872669467500038302573515622928247258231480255818494092721973995753394731277458758665018633029272824413210503521687431618406828973269159713559281670108553265698802957397044081434841925818733587963652321942383071498862319406502227656905797259540688618715710585362594737510497477504039035778816512268203021901100613729110500414339507410788540767547426587948422129525780117966046790681400426783078571140972735818541729090264601739903646968878386
880243351705166396390780287256162312324702754240845592777742675280102847745764893825958153803393534404498603
2959780543020560189201068942016307293364233472950028871169268550805116537261922229285751147671678773420736039606731632689015510004251054578828180240493826043738304855715561167365103388399193880211265907741108954879502854009993297706018845923739996934302791105320846717671252656336536386257703604246027263641726418298203341348767178320489721261177533231031251997248970969567391210086623678438278119065636313722899565132801552157785807233494181830637775256823250650376300427524773548843813253760078283466562520213692099414709458824534005232819839367378522461663550457302777522527686084006011692117784220199671017846295
36591983823034218305492180574442110765094368019849848627120681385339779631625213653299864799735128555639161
5234456879108506179494659865178886644245911261980609209447424049402251490626743525104518421231276013887111333939962781658738385791689604302224429318655759255319399783493650702287774277186659600090160146581106891505563298624202775311378860987337245926308786277688103890219408233405300693596215941843748180328971668472000318307393904638490880310995704562432354663932227415687265774077268504630838530844488029570780413954329707237688307635387368344451727568023691558115707266673518027477781440991969979948728739226773426397184064756904700432609394420463080812277480795527975486007188676366490635133635501266746466468897
79914187409810351009563925255691653604107430532922299215907372501715574121092342726593448586192660557530539
3551335696599965856756237314995459340943158818927734270803138763684523676154881915364088060995811892521391158429861068365785055329845116132543721381438182902633379060715503559633423323861257646217264636908626226464775951277076327157450619672283336615720620242099740334483352968774708630012262688894357298013460226600585298261881106430644601891776517122819980962857695513476601526619458348814844187271256397515304363937392887060020433667932999582968525659671896551456551674968081722308207018946240353968491757464242926519176641796618350836764087872180788502178972164544660209989855094821814653064551699208561089451424
313158029238435432146127178836229992899552446486603614982687055726639490773395326000429446203334622844582297
5758577484299141380761032350473583572318828712017932531495449783384174611310976221427681248800313472746772085455327708449374488138123425620745095866957647256026083861975925429203395939288947572264488757832668844417546189658675371306996638981538403540925274715956417333587978661938405405636324238605161578487764397173032799730073758032233717387400853396220722401430382570186420523827005410618363290396039160806592887283239174118025902498441186752462277182545523421672953370382291163593249639561600432191386161060113331743344750803383668445634998534422746431921358459381058880306728277330573187302276673596738082241674
313337490896301566787018458359750742963023851665967033864943873988769060105556356158842777964005880272798007
8439978173242855638134874507634070151559477019140945309690390596985916038196342825581202749062441678427761196840706101430630398012010081702434056374475958128589554144975843793627788538927761736072727453747300975878642123939938574025279121494044985294097042243177199719521125323911896880129566869968765344457446641163556646741339975810500594239576848198854119232257713953470026371395824567893144993377968662811293702886780291660807339939054549247604831992124164064617065824792579234097637712491427058231592853774704261425816492156953541589429006367957947660739805224465248173288068520220750135189652919892899505790538
64467863099185499615905832296345718890177181078218069089319541483595202071848397643288803541122295123274987
3639697614710143734887487720211242240950673503384886923684354383118108725265546958672982806116002597654335234462706697304342474859115184137801991379590203164364459077827100034672639732873717656346583827627081439986825810866416130927427208232535958634639536224119060109222868982731100493817728594587460575783322864883258473067999495065864888024258105498386106713978730212991487575649151032014192416733384249108067359407446477064168143425738619652909194544111395800218412863047016773557684583492094449029859709464542087722644380903052902367910916650739828612806655599005402765164039021373298526820078710495868027475342
93017605640989576569480368314952507970686492681456457763693083230703046700562140400483357155764721690922047
357215530843478707210101280264076301300672909419271614048705036094687849271399233545827061024181016957587646970768580058756862863417815514463187320589997222746834099723040499705646201580775757879482729071192141230882515864105712607016471377932351480583212987679230785116828260444595714653930366731447891109595076770471800159904412075695947470822103606054353577458420414370113477582873631719431532768621169765153698790878908018052934225611114753504155751422006468623479497892257723315583437335037453005253345122125096829851413861242003022446598604106870573864444613028216918089395032776984423468699529322085300210276
42057755368215302645148920938061663286404969124289400272703929057201515028426068286076503421889313956823453
8924201181641294287063539367218308311480614497851331590005529362051553498673467058958360934818529583961250912736103330398662690177102298532116912092887370631788361288417510537936677746968077716610455879855230003665218725593822136674244505824064054587687732131899917563137782499137070668853719402679519620269926943650307069605612993447314323935869648749457678648340002748799714857450262928327734967887072895866420638583689020609684791426493313058018897706648185112597161691514948858459693922321664761735105119220177042621229845252629485113058033108712592899473463505070307116974514490951597934963845752074897465564973
44661896959507683570196258756367142221236007903607023380739594155511053401970903671482266552845382119355547
7599176871812212195917951155530272236273416576152151820843690996713871648662280684137694043689740858861513072640195498134593743619519394015882658255318503892101476695034215418052105236878993095291261092184057833874212850467915849797983118033720976252945856693874086079994667630100183781642754232805024500373091956546063598409909703912428969153127023532746456183971806422977072942949506944152621961565763729446019538507162397586656938758302383917244958709109799291611833573431415542105139466547102775951638475015793987446631996780741507869044752335710915617035175413356920077855037120373734132285942613464546636320017
